 0.50000279 0.50000044 0.50000026 0.50000008 
 0.50000002 0.49999996 0.49999988 0.49999993 
 0.49999988 0.49999983 0.4999985  0.49999498
 0.49999425 0.49999378 0.49999291 0.49999234 
 0.49999158 0.49999083 0.49999045 0.49999006 
 0.49998993 0.49999    0.49999009 0.49999037
 0.49999075 0.49999118 0.4999916  0.49999204 
 0.49999248 0.4999929  0.49999318 0.49999331 
 0.49999334 0.49999767 0.49999945 0.49999941
 0.49999935 0.49999049 0.49998886 0.4999868  
 0.49998409 0.49998074 0.49997684 0.49997233 
 0.49996719 0.49996139 0.49995485 0.49994783
 0.49994042 0.49993269 0.49992467 0.49991638 
 0.49990773 0.49989914 0.49989051 0.49988313 
 0.49987759 0.49987488 0.49987519 0.4998786
 0.49988559 0.49989539 0.49990754 0.49992128 
 0.49993527 0.49994903 0.49996153 0.49997256 
 0.49998195 0.49998943 0.49999504 0.49999877
 0.50000075 0.50000122 0.50000014 0.49999999 
 0.49999995 0.49999988 0.49999987 0.49999991 
 0.49999989 0.50000007 0.50000027 0.5000023
 0.50000312 0.50000351 0.50000329 0.50000236 
 0.5000001  0.49999944 0.49999535 0.49999149 
 0.49998678 0.49998164 0.49997571 0.49996946
 0.49996266 0.49995554 0.49994851 0.49994077 
 0.49993256 0.49992475 0.4999161  0.49990777 
 0.4998986  0.49988999 0.49988174 0.49987348
 0.49986505 0.49985751 0.49985033 0.49984298 
 0.49983595 0.49982896 0.49982314 0.49981661 
 0.49981041 0.49980466 0.49980082 0.49979576
 0.49979344 0.49979056 0.49978858 0.49978681 
 0.49978477 0.49978272 0.4997817  0.49977987 